---
brooklyn:
  0.0.1:
  - user: 0.0005710000000000001
    system: 0.0
    total: 0.0005710000000000001
    real: 0.0005821313999999962
    weight: 10000
